166,4,93,44,91,3,40,156,44,155,55,133,
18,82,165,29,159,126,8,
121,67,103,124,100,122,127,104,
125,107,64,41,
63,141,24,130,52,43,99,69,143,134,128,149,8,159,57,167,
15,136,156,72,50,34,121,
141,176,30,71,67,
81,36,4,85,24,88,18,7,132,91,15,
82,128,12,29,143,48,129,156,134,
120,57,126,
177,156,156,43,130,24,
28,12,68,67,116,158,49,64,137,56,
17,77,140,118,
82,6,49,35,21,176,111,84,
157,71,24,12,52,37,
49,134,106,
13,56,144,140,64,134,127,52,
26,125,122,19,27,49,115,106,149,149,80,
3,131,11,150,116,151,3,90,
102,147,17,113,49,128,
143,129,114,160,18,
160,123,120,161,14,147,41,
37,14,141,115,121,
102,158,118,38,56,69,59,139,102,19,102,14,152,107,
81,177,41,60,118,82,149,
162,148,92,178,138,136,
159,98,101,77,113,6,23,
103,156,78,163,159,21,
175,79,127,40,63,168,96,100,
60,109,10,97,76,118,44,
1,145,91,118,64,
153,124,113,3,67,
42,92,166,158,128,115,25,72,148,
21,44,107,140,61,103,136,57,24,1,
58,132,40,7,85,117,162,110,
137,6,34,58,62,73,58,167,
6,23,88,87,77,
110,66,46,133,154,16,28,15,130,137,
126,138,162,92,124,171,154,17,85,
45,25,118,62,35,100,63,45,56,5,76,
40,116,121,129,139,36,39,156,167,103,21,
15,136,54,45,132,47,144,110,
118,87,96,74,116,69,36,
124,38,157,143,23,1,76,116,
136,18,59,11,29,92,153,98,171,159,40,
84,116,27,12,124,16,54,91,52,58,165,
31,1,48,22,
164,175,103,114,116,112,14,79,123,144,9,24,154,
136,174,48,173,175,129,116,133,64,148,45,127,
170,43,106,87,23,162,48,123,80,63,5,140,
98,113,111,60,158,75,50,
103,70,164,147,133,73,78,25,152,39,2,
79,171,17,95,145,31,17,
12,31,83,106,152,79,157,60,68,68,69,28,155,102,40,
49,54,70,47,124,163,153,158,105,
76,93,74,119,7,99,
165,67,10,58,105,46,5,92,68,65,153,119,45,77,
103,146,36,152,86,98,90,76,136,16,75,49,
111,152,120,36,132,145,
72,103,2,143,106,12,175,28,
110,63,86,66,159,128,142,79,3,51,49,178,48,
66,12,1,79,90,81,46,61,23,3,61,112,
173,146,99,55,168,115,133,35,76,68,125,
110,4,154,178,81,1,151,41,62,161,43,123,100,
128,174,12,129,16,43,
45,81,18,134,151,20,51,159,35,154,
176,35,45,52,23,135,175,112,153,43,
169,53,79,131,160,125,175,41,3,
4,97,104,133,19,136,157,154,
19,3,9,66,98,153,159,134,
113,28,111,17,25,3,57,71,
20,174,
50,151,77,32,24,126,69,130,
115,82,133,165,59,
5,69,68,103,87,49,74,8,3,15,81,
152,66,150,29,73,70,24,
150,174,103,174,171,41,
29,97,37,121,174,20,102,
1,50,121,126,76,160,105,175,149,28,105,
88,22,23,50,147,34,116,177,113,93,130,
45,17,30,123,135,50,116,78,59,81,50,160,73,22,121,171,
25,28,1,136,22,35,132,178,
134,78,76,143,51,91,156,94,
17,105,96,155,159,
141,128,164,120,153,38,121,40,
148,31,26,9,152,155,1,89,
66,29,31,53,20,175,
49,151,34,168,142,168,136,86,153,
152,116,19,32,24,45,
151,69,147,78,22,84,85,103,79,117,37,70,
43,83,176,128,61,61,169,147,
175,90,178,57,150,129,36,153,
6,17,16,14,104,
14,60,6,70,94,88,70,114,
73,144,111,103,177,171,6,110,
38,2,50,97,35,167,
7,153,2,160,51,68,88,119,30,158,1,15,15,
90,96,51,61,26,156,49,
26,175,1,178,141,158,47,148,159,
139,117,23,98,156,55,42,50,86,27,154,
75,101,92,120,82,86,5,173,176,
99,4,5,156,127,148,100,92,121,
31,69,37,66,40,15,102,74,
83,142,41,153,137,4,141,74,79,168,167,174,
168,34,141,54,21,
124,16,170,96,100,3,
91,112,49,92,14,117,60,
177,121,160,46,178,17,
173,109,58,61,117,41,
118,101,10,118,129,116,11,8,47,154,
173,175,124,178,53,60,170,157,38,
125,82,90,
153,63,84,138,97,73,134,40,105,141,32,
82,121,162,98,71,86,151,83,123,45,
112,20,168,62,
54,105,11,112,66,19,162,60,
69,167,166,68,46,
63,37,11,63,43,127,
71,96,47,109,150,100,130,
112,106,91,45,145,42,110,82,35,84,30,82,94,173,
2,113,151,61,58,51,65,105,58,39,163,121,
17,83,116,175,133,155,58,57,9,142,160,155,
177,134,136,107,102,59,150,117,101,
135,134,159,41,174,
1,79,109,46,135,124,176,117,108,132,41,175,145,
165,131,122,123,13,110,97,22,20,24,67,79,
45,157,27,99,155,59,115,78,10,148,
7,72,112,14,
31,163,98,167,92,59,105,
17,5,103,109,47,2,88,117,117,49,35,
154,8,171,13,15,38,38,152,116,169,139,
74,151,15,126,52,114,49,100,
81,62,46,22,24,168,2,
78,121,128,19,175,63,
118,100,150,132,156,120,146,25,58,
26,88,67,82,165,124,129,
79,133,74,63,155,79,159,49,130,
73,62,30,77,118,70,174,
106,98,148,38,146,
127,126,97,148,144,56,121,96,
161,114,165,111,125,15,26,57,30,163,101,5,118,
99,103,162,155,
72,11,142,134,108,161,143,141,3,
50,164,39,11,6,110,176,35,
174,86,63,152,169,53,54,18,
139,27,34,22,79,21,145,20,63,35,147,
102,101,172,110,70,31,171,22,
161,28,178,41,96,140,40,150,
47,103,50,56,132,139,
170,130,94,35,137,88,25,80,128,
27,86,136,91,91,142,76,93,4,107,63,
143,31,84,94,91,32,69,164,
72,67,161,134,105,40,169,65,76,
134,149,140,100,56,83,25,65,97,73,135,51,
114,153,9,50,48,89,99,152,80,46,60,1,
133,121,23,34,149,136,164,5,56,71,87,103,13,
126,141,152,7,138,110,73,132,168,
50,81,148,121,171,145,84,48,157,50,
71,167,34,72,112,65,81,94,31,
156,169,167,89,14,138,
10,4,25,142,39,16,122,91,25,8,51,116,
158,72,75,17,132,176,112,81,144,129,
93,111,65,27,22,66,130,167,
162,9,90,96,155,51,137,11,
85,41,74,124,36,93,171,137,162,154,
175,92,103,42,26,34,82,27,43,70,
13,178,29,22,128,72,146,132,
39,82,6,149,79,30,120,154,19,51,38,92,
72,131,97,129,98,11,17,115,33,172,
80,49,57,82,62,115,6,
42,148,172,177,90,60,12,80,134,121,65,
39,174,165,164,122,77,
100,140,175,107,25,
23,101,77,159,
141,99,12,54,131,111,75,37,
132,50,33,64,118,81,128,40,73,
60,75,68,172,29,55,75,33,46,
166,100,156,106,41,57,40,102,31,25,122,69,48,
24,4,101,33,81,136,131,85,137,
139,94,178,156,16,
151,18,175,114,100,176,149,13,
67,89,66,117,52,164,51,114,135,139,53,2,
105,24,76,7,142,
94,106,42,83,48,136,113,159,
43,175,123,97,147,97,75,107,170,55,115,
34,54,163,172,56,
165,58,164,127,120,40,27,59,8,11,91,
56,113,2,77,87,103,32,140,
63,94,105,92,122,9,55,113,8,134,
172,156,166,9,
166,125,1,21,3,140,125,3,
52,73,102,24,34,74,113,38,88,96,
178,155,100,19,34,86,103,135,97,178,66,53,
138,178,122,32,
110,62,42,136,158,137,8,87,107,1,124,26,105,
100,172,133,119,140,75,
75,31,160,106,81,124,22,168,136,154,167,94,
116,62,148,43,10,27,50,155,168,127,132,130,177,116,133,73,
140,160,20,27,3,173,81,173,
146,83,83,6,148,131,11,134,63,11,64,
7,108,76,69,25,168,102,
156,81,2,141,59,131,80,12,138,
34,18,17,58,157,38,75,
112,48,33,107,28,104,61,93,57,111,16,104,42,
18,68,14,51,165,126,9,70,
76,139,121,87,177,
93,134,168,18,66,97,134,78,122,106,
110,125,116,165,147,101,125,8,33,153,139,78,
9,153,28,53,62,58,177,89,82,105,
160,106,66,109,173,154,62,71,
43,145,137,59,151,109,94,3,49,
73,136,149,46,106,30,128,126,125,47,
28,21,123,169,
28,82,95,120,152,48,
126,39,16,131,21,162,149,84,128,
52,96,146,27,65,107,47,119,41,76,
166,31,31,107,69,8,48,
37,145,167,88,101,146,12,96,51,144,42,
57,15,132,120,6,59,165,
1,54,96,84,109,35,
44,22,86,25,26,175,146,65,91,
62,149,8,83,134,8,12,159,91,
177,83,118,86,125,137,178,39,52,111,158,3,164,
87,136,102,74,83,82,62,17,
13,88,150,30,35,72,23,137,81,14,
8,27,170,48,107,154,81,75,1,133,159,
82,101,135,42,139,36,4,
52,153,178,96,23,153,
111,130,124,96,116,47,133,94,100,95,67,
63,123,48,130,31,78,113,141,88,48,
172,33,159,148,156,1,79,176,39,14,124,
109,5,19,168,60,169,100,108,122,62,21,
8,58,23,62,59,131,71,70,45,140,90,131,
26,51,95,50,174,129,99,
151,164,24,178,27,31,31,60,6,157,177,151,174,143,
141,143,170,117,83,
98,122,41,57,62,127,
125,76,117,146,48,104,63,7,54,79,36,120,53,
63,144,115,17,85,52,
89,138,107,85,171,55,45,10,
145,56,82,170,116,81,138,109,76,91,38,97,45,
87,49,50,30,7,156,3,37,133,
44,54,78,13,135,62,
118,67,139,14,61,
155,138,17,51,37,100,
73,108,70,80,97,110,15,
109,81,73,75,28,
9,70,42,18,145,150,159,116,115,44,110,
135,18,51,52,60,133,89,31,168,
20,62,123,88,
41,136,106,133,66,25,168,103,85,
142,133,150,
98,32,55,21,81,
98,75,34,149,26,112,56,
111,101,37,28,138,34,141,141,118,49,
70,169,42,153,1,150,84,13,137,
105,9,25,113,130,22,135,50,
73,153,17,119,
35,88,21,1,176,
10,56,7,75,176,175,134,41,142,117,
123,24,17,
76,110,12,152,119,102,27,72,
173,85,74,14,133,162,100,37,
112,91,120,157,134,170,
144,124,164,46,155,116,90,150,100,
135,33,121,8,4,24,166,19,144,7,
59,72,77,3,119,46,70,142,18,136,8,80,158,85,
15,156,53,114,124,106,81,51,34,150,
79,19,67,140,149,39,171,86,94,173,
162,31,36,104,147,134,166,71,
128,21,32,135,19,145,77,111,121,19,
56,67,104,151,173,95,6,27,145,148,
116,106,156,96,61,82,32,170,50,37,56,91,62,
13,84,170,114,170,89,
19,121,128,177,162,152,51,83,178,
26,13,83,133,113,34,41,136,35,25,103,52,
100,158,21,166,149,39,
57,31,154,63,150,10,108,37,19,20,
95,66,29,145,56,86,17,74,8,
144,170,92,79,
51,85,8,138,67,137,128,76,61,15,3,134,
32,110,139,112,153,62,43,137,26,
146,43,157,8,154,73,
57,98,66,59,88,74,111,
131,141,128,120,42,62,53,8,61,
65,121,75,63,33,63,89,108,159,143,
127,70,16,
17,75,74,46,26,160,152,159,123,88,177,11,
155,166,136,34,57,57,136,32,107,127,
108,30,111,96,34,172,143,50,102,10,
31,109,73,63,19,1,171,77,99,149,125,
178,85,111,72,
90,67,53,84,153,103,
169,135,57,22,176,88,56,62,
169,152,95,65,140,96,138,84,113,
6,147,101,137,121,138,
19,115,138,42,76,3,101,153,95,
21,99,79,11,136,139,60,16,134,126,171,
148,104,157,9,66,99,148,124,33,6,14,
15,54,128,123,14,67,138,112,126,
54,37,77,175,92,123,111,9,
112,20,70,93,159,117,18,
23,139,71,24,54,95,146,158,57,64,
67,44,111,144,174,109,55,95,113,
50,30,112,111,144,168,42,49,44,
154,109,67,58,86,140,123,90,78,101,31,
136,34,82,13,74,120,80,
25,51,132,56,173,
58,82,78,150,53,5,145,14,
5,80,51,132,101,121,64,119,67,135,
103,122,101,156,107,143,111,20,
163,80,28,127,168,149,101,21,
93,31,129,18,52,
141,41,19,124,92,174,20,113,112,140,174,84,
96,63,6,148,72,
172,81,
104,29,29,64,40,14,64,
65,116,20,4,
122,52,37,162,122,39,31,126,112,
148,88,30,132,93,32,125,52,84,47,
155,120,88,97,65,20,
123,27,7,42,58,155,134,
130,84,12,54,55,125,115,139,79,1,159,68,
68,137,131,40,42,4,51,67,
165,48,18,155,156,41,70,129,147,
53,132,6,99,156,167,50,
128,148,96,96,103,4,136,85,
81,165,112,155,165,121,81,
134,79,105,37,132,52,145,171,161,75,47,
160,157,3,11,
93,48,42,120,44,22,62,23,15,99,
168,177,85,36,132,
70,82,107,130,18,
116,1,71,106,133,108,32,105,133,175,11,
108,15,37,160,62,42,27,57,156,69,
130,141,36,65,113,120,166,113,160,
110,130,59,172,109,147,46,
146,79,159,168,145,110,153,159,35,
25,126,11,5,173,46,32,
133,7,149,36,147,120,99,23,92,26,
104,48,97,6,130,29,144,143,
165,24,84,146,50,121,106,20,55,15,37,
49,173,151,42,41,81,85,67,
18,29,146,125,141,84,50,
173,104,141,45,1,70,146,121,
102,45,108,129,88,21,
165,153,143,156,140,47,162,123,
159,69,65,118,63,3,84,14,177,16,
145,130,100,76,124,84,64,139,53,146,165,75,43,
73,95,64,94,123,157,
54,10,147,147,43,110,170,19,55,32,
163,1,42,125,167,133,93,59,143,66,131,60,103,
153,3,7,156,41,
12,30,150,94,52,53,143,153,95,110,
51,11,133,135,104,7,173,20,
40,33,155,22,91,108,166,61,82,
139,35,58,104,93,86,
65,159,54,110,157,64,95,171,167,141,26,
95,145,73,160,50,38,37,71,
99,49,93,174,126,132,56,
34,52,19,13,36,81,127,71,159,17,68,
77,127,164,174,121,47,95,152,81,74,105,157,45,
110,25,110,78,145,80,23,18,76,32,145,
23,155,156,111,91,27,
120,114,1,24,52,1,102,76,
38,72,167,33,80,84,132,1,104,
160,152,44,157,41,55,103,172,167,116,95,61,
177,129,128,139,18,175,83,107,130,48,41,73,
18,57,151,79,168,123,38,8,
154,178,103,111,151,42,99,12,63,61,70,82,168,6,103,159,
64,42,49,139,159,23,38,101,107,93,79,54,23,99,
93,69,97,60,35,14,
29,92,76,132,76,123,46,55,127,97,
163,95,34,
158,63,160,93,177,118,158,120,159,
7,157,33,25,162,106,24,24,160,106,
17,93,132,11,53,104,28,171,105,54,
101,32,47,81,10,27,12,
95,44,44,123,139,4,176,
9,8,121,166,42,19,142,41,125,70,
165,68,105,13,82,138,114,24,123,151,125,
140,58,32,166,175,11,123,
113,170,33,100,113,59,168,48,
4,67,16,134,138,130,
119,86,157,90,53,54,111,88,
73,71,105,99,123,55,82,3,
160,157,144,75,12,43,76,62,121,154,
33,103,13,69,95,151,131,82,161,114,154,
61,151,142,
45,114,169,171,132,97,124,
93,91,30,29,155,164,
40,150,140,37,127,14,
16,130,27,64,135,3,93,57,88,5,97,
27,20,93,28,126,80,114,23,140,9,129,
145,96,123,89,
2,74,150,87,65,43,112,33,147,61,
111,28,54,6,
136,146,15,121,142,149,
86,178,16,131,16,106,110,130,105,66,
150,49,45,48,80,122,133,163,25,25,137,29,
155,70,1,81,65,34,161,
93,41,174,87,178,22,123,94,
130,14,43,25,100,109,22,130,123,61,
105,41,88,125,16,132,132,163,
123,63,96,84,7,88,175,138,173,
44,68,148,33,159,85,60,16,
165,114,67,14,17,123,16,26,27,170,177,
1,76,55,91,79,124,142,138,1,100,101,130,126,167,
167,140,132,32,103,65,137,92,154,167,
168,19,5,86,45,146,87,40,45,147,137,105,96,94,160,103,139,96,
31,154,97,95,29,31,167,170,
139,79,9,33,60,134,36,124,
161,20,172,145,10,
46,30,66,124,172,155,39,
114,142,122,39,38,
112,109,140,112,70,80,
116,11,111,177,16,167,16,39,8,
28,115,48,43,48,20,172,127,41,113,
46,175,119,104,12,72,136,157,173,108,128,
35,123,147,10,116,
28,32,164,46,123,104,100,91,136,111,131,170,
68,151,85,45,86,99,42,103,
172,68,122,65,10,123,147,
156,136,79,161,39,9,56,124,8,
169,107,29,138,103,47,35,112,168,85,134,144,
72,12,106,58,114,127,114,68,111,22,64,
97,123,176,70,70,57,11,34,13,110,168,160,
56,30,152,69,171,46,54,77,75,
25,178,115,168,36,42,30,3,
139,92,157,176,134,126,166,139,79,36,
100,28,75,19,130,118,174,164,78,121,
117,119,171,43,81,112,109,
119,98,120,80,139,41,51,65,
71,100,51,98,142,71,176,39,29,109,
82,145,89,43,8,8,158,
85,82,13,140,86,
86,9,155,128,125,59,144,13,168,157,
113,35,17,82,94,64,157,162,112,99,9,
91,138,166,79,81,167,66,8,
62,51,81,35,17,15,22,13,136,
25,32,6,31,70,171,135,33,91,125,124,
75,168,11,116,166,11,116,34,
81,118,139,124,153,127,
89,47,124,65,148,125,10,45,3,
106,174,82,90,99,122,5,99,89,
81,176,122,96,158,6,
76,55,18,1,116,109,21,159,22,119,50,35,75,41,159,
106,57,135,61,151,112,98,158,13,65,12,
165,172,27,104,23,71,67,93,174,102,107,108,
172,48,79,111,106,86,139,119,
145,34,178,39,153,45,55,24,5,126,151,
138,1,11,151,43,
102,116,73,11,24,53,80,106,24,
48,144,115,166,93,122,49,38,19,57,67,
20,9,98,55,147,31,
161,2,164,177,156,142,85,35,50,37,
60,147,163,154,27,66,124,70,70,178,158,
48,47,10,107,
23,44,112,144,168,52,
158,71,140,61,62,154,71,53,178,89,17,
117,37,134,61,32,81,28,
34,123,131,
5,118,4,92,88,26,44,81,143,
143,86,134,163,78,86,82,
53,80,95,22,32,56,64,27,53,
64,72,1,125,39,22,116,
92,11,144,109,
103,64,120,97,76,159,56,110,140,73,
14,96,29,28,2,36,153,
51,82,14,57,110,
21,24,41,175,88,164,152,167,
113,49,138,67,89,99,43,66,
112,15,124,108,161,81,
117,95,139,10,69,167,162,
41,105,10,158,121,106,45,141,6,58,104,170,
55,51,107,60,45,23,6,60,143,73,39,82,36,23,
158,24,88,138,66,113,110,52,71,53,
170,75,36,159,112,55,97,87,
87,85,11,16,153,33,130,169,
66,107,100,130,140,16,
138,41,49,13,122,38,140,84,100,95,
176,169,86,86,136,42,36,
29,98,93,37,156,77,
50,142,105,160,123,95,163,6,
176,105,61,160,162,121,30,100,111,148,121,
164,99,42,159,162,127,76,117,
22,117,138,175,138,134,136,132,63,67,6,114,160,
30,145,95,90,95,6,
138,125,76,138,
158,28,73,103,32,156,63,109,101,66,49,81,50,97,
17,103,171,57,135,40,
81,52,163,74,11,163,
174,159,106,58,111,76,53,131,
28,155,152,16,48,22,161,16,151,
6,30,176,17,35,88,155,7,176,160,58,
66,126,93,131,159,58,111,
105,167,114,52,1,29,
37,22,159,113,
55,151,97,18,125,96,19,140,
176,88,25,134,148,33,27,49,117,39,33,97,171,
127,3,137,138,10,121,
123,82,54,77,90,89,114,102,
72,120,173,42,29,84,87,86,98,114,
29,127,164,39,109,143,172,
67,37,119,163,133,87,57,
31,159,144,165,96,
164,38,84,37,108,15,
155,158,58,142,
28,37,159,12,19,5,104,93,
78,110,160,110,175,23,85,21,53,
124,176,150,164,59,53,173,140,108,
28,26,67,108,51,171,148,128,122,131,155,59,
24,54,82,50,172,
8,153,137,38,62,
145,90,112,128,42,60,19,111,9,83,96,89,160,96,
155,127,67,87,
36,74,118,114,119,137,40,84,94,120,33,12,86,
166,135,120,
34,146,121,24,109,68,17,41,121,168,131,
135,60,40,48,165,71,
79,30,132,13,31,98,177,142,44,57,
111,79,124,150,161,19,139,150,117,14,
66,5,157,88,105,38,9,
116,64,104,22,
43,78,154,84,144,129,
21,76,69,46,27,114,166,88,80,55,82,140,82,
147,1,119,44,45,33,77,121,66,
158,142,53,65,178,124,76,88,41,
58,57,3,22,138,178,
131,106,80,123,106,125,148,82,113,34,
86,3,92,162,170,109,43,38,138,
136,127,93,36,99,47,43,6,138,
164,56,57,160,143,130,54,108,
163,90,72,128,130,77,20,122,136,59,63,150,168,
155,19,92,16,167,75,65,169,
7,60,43,177,96,168,159,
120,158,125,156,83,13,164,
135,147,16,42,133,151,140,
84,57,6,11,9,10,171,
78,128,70,92,80,108,16,115,23,110,19,
9,43,134,42,90,132,116,
78,58,81,
153,162,117,20,30,61,171,167,5,144,
84,163,34,3,51,85,
123,118,48,174,137,69,
58,14,44,58,20,107,131,157,
4,161,112,155,126,128,
86,177,15,121,
44,145,18,104,75,175,175,124,24,30,36,7,91,
58,42,32,5,31,102,168,60,158,
62,119,34,
95,102,28,63,106,
105,60,136,175,115,37,64,63,140,168,114,
34,83,143,90,21,
85,45,36,147,47,87,28,133,34,175,156,128,126,
11,61,167,91,6,90,178,7,
159,167,171,139,132,139,80,24,40,74,114,
29,93,83,
39,130,58,46,152,52,
175,67,175,69,178,138,47,130,58,
75,176,43,33,119,10,15,
152,156,161,98,65,25,175,168,108,8,
12,173,94,150,123,174,16,24,153,23,
35,25,27,110,17,55,129,64,
116,159,93,39,132,68,110,30,131,
175,1,100,88,66,24,105,173,136,10,
113,169,165,150,176,130,155,114,177,94,
147,85,21,8,38,121,8,46,44,122,144,
98,168,24,159,157,48,
87,169,42,102,96,89,97,90,76,167,123,38,116,36,20,51,
52,158,61,155,71,132,21,86,72,
113,174,96,43,62,
135,113,153,43,114,10,54,
162,38,4,115,26,43,178,165,32,172,68,67,82,92,148,174,
133,18,151,8,166,80,4,9,167,
59,16,14,159,68,161,130,122,153,96,77,145,
47,89,2,109,1,130,
86,80,120,73,2,104,14,34,16,
110,99,6,170,53,150,18,126,28,95,152,
42,91,56,94,62,144,135,118,73,103,20,86,
117,125,101,123,78,
41,48,79,159,59,128,
102,146,40,38,126,141,93,
86,176,107,6,154,152,138,170,
141,12,92,41,39,13,67,17,
59,117,101,55,
152,2,89,48,178,76,177,160,92,124,
157,119,158,98,41,85,97,
94,129,102,37,115,50,108,
153,171,160,54,20,50,34,96,139,
35,21,142,15,
63,130,35,70,107,25,158,
19,149,140,78,135,